,Unnamed: 0,metal_facet,metal,facet,Vnhe,H*,CO*,OCCOH*,OH*,O*,C*,CH4,C2H4,EtOH,PrOH,CO,HCOOH,H2
0,9,Zn(p111),Zn,(p111),-2.8989612686871977,0.9720972447847891,-0.21288451793988303,0.7742672657452752,2.17012090396217,0.14066779953351044,3.9624248207300035,0.0,0.0,0.0,0.0,163.81684169031692,6.096512568579952,22.497835247461133
1,2,Au(p111),Au,(p111),-3.156294226255772,1.0781155258697106,-0.3114585061373676,1.30327563372851,3.110552276444664,0.20743140909907104,3.697132686165816,0.0,0.0,0.0,0.0,158.63415192663092,10.550227038783245,22.292959346888473
2,9,Zn(p111),Zn,(p111),-2.871864435357881,0.8072470453709808,-0.30554400397513154,1.1211856694531885,2.0904691277784284,4.0306656127852785,3.6412499902774518,0.0,0.0,0.0,0.0,165.56820418500274,1.5816518486802928,18.956340153170665
3,1,Ag(p111),Ag,(p111),-2.7376705356290287,0.7764400873556676,-0.24912965016151795,0.943683037436109,3.5539108096717844,0.28971736243462587,4.963353861017245,0.0,0.0,0.0,0.0,174.2988660625257,6.761753910853085,22.14461378227741
4,1,Ag(p111),Ag,(p111),-2.7815548515265025,0.9569900762725072,-0.24221563760394055,1.3696895051489177,3.644191884033821,2.3576249896845405,3.7909299632546554,0.0,0.0,0.0,0.0,170.26771823030978,4.871227659999743,23.093978995979835
5,1,Ag(p111),Ag,(p111),-2.7461845836083167,0.8857741196040045,-0.1407620215621701,1.8609078013306504,2.7390933295824094,1.4717848599280152,3.0099523274706064,0.0,0.0,0.0,0.0,164.01234471243674,1.8856656282808744,21.59752746916312
6,9,Zn(p111),Zn,(p111),-3.0721668235844177,1.0521728572204472,-0.2058795686232608,-0.10682365506270142,2.3767618797661143,0.5229589933804526,3.682804343039757,0.0,0.0,0.0,0.0,164.239637657905,2.124081822755608,20.70517303930059
7,1,Ag(p111),Ag,(p111),-2.447639328450573,0.8488816745491176,-0.18761070793945178,0.9242063285712518,3.0596191229739906,2.863677813549917,5.084681554679937,0.0,0.0,0.0,0.0,175.58540336342844,-0.3450636112842178,21.72495985451439
8,9,Zn(p111),Zn,(p111),-2.6335722952189102,0.8616910325355349,-0.25170714421805007,1.6374519704168367,4.5202260238822145,3.4747155413569732,2.104297971508182,0.0,0.0,0.0,0.0,167.56066436352188,2.3166758899818474,22.058508750399724
9,2,Au(p111),Au,(p111),-3.0050937126068393,0.8315975750456921,-0.2339159983359982,1.3989418390509298,1.721030391574726,4.635314414322371,4.676589168969041,0.0,0.0,0.0,0.0,163.65473636425241,4.0871733613356005,23.614701388648328
10,1,Ag(p111),Ag,(p111),-2.668820701103699,0.8218665456735108,-0.13909978800866957,1.5246158258177762,2.948553794282369,-1.5851526023683569,4.889961674015206,0.0,0.0,0.0,0.0,161.13928819840612,4.393883803737814,23.34181353457541
11,2,Au(p111),Au,(p111),-2.7302204313169547,0.9549876558513921,-0.24173345372924016,0.7749664448431751,1.7737039976301336,1.867789017867251,3.4226706309786996,0.0,0.0,0.0,0.0,167.08644064271988,12.275713645259891,20.59453789233652
12,9,Zn(p111),Zn,(p111),-2.7650559059562614,0.970566636155408,-0.19513689243212431,0.6497812329798511,0.8037347168917173,0.04313303674134167,4.527983887061649,0.0,0.0,0.0,0.0,166.91386654559278,5.736183988916636,20.057283070677393
13,9,Zn(p111),Zn,(p111),-2.9964689762348025,1.0104234794268119,-0.25096657808748424,0.4253221245443141,1.8747489543286984,1.938112545760907,3.2065413942016643,0.0,0.0,0.0,0.0,158.38676273501534,12.096753734775511,20.853821864669463
14,2,Au(p111),Au,(p111),-3.0877299450674665,0.9265793565288203,-0.29490886922974857,0.1823384458156575,2.159699662436676,2.5720259556495613,2.6573558307437994,0.0,0.0,0.0,0.0,163.09589616413308,3.693922742518507,20.18750747888643
15,1,Ag(p111),Ag,(p111),-2.9007084436377335,0.9572815154090306,-0.22756350917101872,0.9408565336944709,2.2015614246669797,-0.5789252554388455,2.416551087181345,0.0,0.0,0.0,0.0,159.3183168303477,8.323522550569791,20.39689771245012
16,2,Au(p111),Au,(p111),-3.105194630633849,0.936780328360264,-0.21114169340763572,2.294991859620568,2.911941941440869,5.640779030077271,5.1326342948196055,0.0,0.0,0.0,0.0,165.94070453798673,3.5189197588415517,24.352830199727023
17,1,Ag(p111),Ag,(p111),-2.8193457129756614,0.8526707745792033,-0.1587323841535624,2.083066534122555,2.98211577399271,4.432763530820552,4.067391438282669,0.0,0.0,0.0,0.0,164.66508139732082,2.6601632083414124,23.628171975139274
18,1,Ag(p111),Ag,(p111),-2.213391900062377,0.9460202334844774,-0.21494892222161197,0.837694306344294,2.565264967720724,2.725932427737372,6.354680246007053,0.0,0.0,0.0,0.0,174.47740158920044,7.6564637673639,21.45027351441633
19,9,Zn(p111),Zn,(p111),-2.6505277617110776,0.8223593877771915,-0.1710423547500436,1.5123059344609366,3.4419829780785545,2.5986888248780717,4.525678137178648,0.0,0.0,0.0,0.0,167.05113883481988,2.5928836395555503,19.52712268398131
20,2,Au(p111),Au,(p111),-2.942333915117009,0.9002233216026301,-0.2655793164680409,0.9815120346733347,2.0916343041919583,5.660248653092178,2.2568236002780173,0.0,0.0,0.0,0.0,163.26166851996692,9.353882058329852,21.155384364387032
21,9,Zn(p111),Zn,(p111),-2.7118960937294094,0.856420267038192,-0.29148309011476625,1.0044225301023588,3.746231989392272,2.2104105397091978,3.3155066795214876,0.0,0.0,0.0,0.0,167.60005902139238,9.908538932795842,22.089527708212437
22,28,Cu(650),Cu,(650),-2.959989940789896,0.08936939958793756,-1.397867558736097,-0.03624033798103714,-0.7446071261252949,1.7531474693481433,1.8813035409673873,97.51518852764737,30.537767814752726,20.080722306272897,1.7052499920878343,3.8933909148873838,8.602539377015908,19.302693271722926
23,23,Cu(533),Cu,(533),-2.8271894167006297,0.08909685081167129,-1.175566668407462,0.14922321070598585,0.6592099054623681,1.4487550935880609,2.845891834528957,28.668674890068676,59.70427558103669,6.2105498970165955,5.051154652144028,-0.9619166300677502,25.006278412928296,22.77571431799408
24,14,Cu(511),Cu,(511),-3.0610165291506726,0.1137614466163069,-1.411705713617835,0.137300201268603,-0.5521681278198538,1.5498105493861243,1.6679306526073872,63.29953467097826,50.86602529887742,27.29203561818273,2.91864953075754,20.474300394425363,14.046186865907966,14.437569594844385
25,19,Cu(510),Cu,(510),-2.798482481993262,0.1503252173428191,-1.3337605346581418,-0.7020282901306755,-0.31276633914598667,1.0641675244643511,1.952310668473917,50.89296576956752,60.91595150031982,24.98836953194482,3.9371328519408078,3.2995235393313775,11.768080576214414,20.33916838232269
26,17,Cu(810),Cu,(810),-2.701165545646872,-0.0751164242609644,-1.37573421235453,-0.5336233450925005,-0.4324834508213556,1.5958878048198324,3.282652025503306,76.29337024570032,42.224648760641344,18.33893140952724,3.1808875301455517,-6.369995647696838,20.845129522875624,15.927369788201448
27,26,Cu(331),Cu,(331),-2.93325403601978,-0.005615329435178333,-1.3425433636247375,0.6231109939961607,-0.4322088179633184,1.5537724777923838,1.6462761660526315,107.67645639344371,46.13935828516611,23.47320499306572,3.25867626783329,-3.04242109891425,8.474917048637934,19.89169301797157
28,26,Cu(331),Cu,(331),-2.9904666505404593,0.022284141283940514,-1.2926206872738062,-0.8594415228774578,-0.28648433721764754,1.4774392645440193,2.530299535219753,35.255321461408755,44.34963249187875,12.19947282071679,0.43082562051085715,10.18167618227404,9.760399790994406,24.55427711715202
29,20,Cu(310),Cu,(310),-2.8036498825523823,0.13866806498165307,-1.2722092476378828,-0.37142016806055045,-0.762692006822178,1.2313143348301396,1.4983603965748844,78.22100493573026,56.85702508468738,26.604281600605095,3.2431285855221974,9.15259097974444,8.108237488700606,19.540349571279126
30,20,Cu(310),Cu,(310),-2.7132682328319007,0.15925433060139976,-1.4960484923401944,-0.6060439166580404,-0.6072701724214056,1.2743618995353292,1.3300141337054556,13.112904359617811,91.15970222956301,24.82958085518832,9.309386963853443,6.6660216961293575,17.01127331058202,14.051952663903057
31,11,Cu(1111),Cu,(1111),-2.908026052988709,0.1706989057318647,-1.1615173691327678,0.13194746285447273,0.23016156922644054,1.5596233618878752,2.14988218387957,120.73477995677138,34.61544308142934,26.936383266499128,1.394120394519914,3.3537167090629127,15.77431851836906,10.288920761951726
32,22,Cu(755),Cu,(755),-2.728522310441023,0.08790606889547106,-1.2715001634885472,0.4066410651397871,0.12671741062227998,1.5071651637240073,1.8475144494314324,57.51537806062514,70.11948490618963,47.5291638391238,2.233649276852037,5.291282065827072,9.589333507179898,28.55700515520043
33,28,Cu(650),Cu,(650),-2.8774051685881945,0.16865221763839788,-1.2616811323775372,0.2655577875651014,0.031524036125007204,1.1824619915617816,1.8044863227719263,5.226345588745531,62.53349546395536,30.02706373858021,2.7780791449725513,7.325331920612841,11.081826215078,24.571827970404474
34,30,Cu(210),Cu,(210),-2.7442850276215642,0.14704305454214459,-1.345270947166576,-0.8519760728893763,-0.679389347073885,1.1668946642846325,2.0102798584018298,53.33899195759809,42.71806085508241,35.338156852502834,2.100046938207403,5.925170959108613,8.860740110678272,34.06882766108741
35,20,Cu(310),Cu,(310),-2.8304547824905204,0.1369823994571801,-1.2698220363164632,0.22588065365640958,-0.6992737656736878,1.5245647722006965,2.1314300918195683,91.17184765060131,45.367565095797566,17.939124065079618,3.937139498449221,9.221078719577289,13.463528166915617,22.78148977044516
36,24,Cu(211),Cu,(211),-2.768258885750012,0.22063285134963978,-1.236945504861684,-0.10845533280260183,-0.24366573969370087,1.2565021256999886,1.7893423818781997,62.73606343346364,66.04632632645965,34.79447697027104,3.6164572599765274,10.443684888984622,6.542599989125476,14.24753296134286
37,18,Cu(610),Cu,(610),-2.8173281809098896,0.0887354128323793,-1.2532659377169713,-0.1083842916554504,-0.1420366438471311,1.598869339229771,1.5937749538542678,77.99033486422682,50.18963694992364,16.913508799777002,0.5393931745813997,4.808894391557331,10.987615563452305,16.1667359219244
38,22,Cu(755),Cu,(755),-2.9171301573398063,0.07564928837146365,-1.397411550430635,0.48195139846237045,-0.1806957737553037,1.6258144700283381,1.9161482095033424,81.64502646569834,31.956552665471495,19.538501191806613,1.2326733066860776,13.168246191240673,12.999541680107676,19.54639915055456
39,21,Cu(210),Cu,(210),-2.8503621130965593,0.054803495366729314,-1.3817863989658785,-0.4345617198630144,-0.3630453318311037,0.988198067657831,1.5593207146886723,11.42979715514742,90.93362243757002,33.77116840167213,8.615669961352998,5.239888485291988,15.686052696259942,22.61901173110245
40,17,Cu(810),Cu,(810),-2.8844022688664253,0.1621952237741472,-1.2346169954736368,-0.08542805030656528,-0.25579541050321175,1.1081618312056714,1.923221290974313,83.26515623053595,97.83434936842835,18.997623846352425,4.802971607798298,7.093662721903121,8.21943895423614,22.938833741131365
41,29,Cu(320),Cu,(320),-2.8145136250090257,0.10172153899084097,-1.241269445850158,0.3033862484314308,0.5350351751364453,1.6812218689797893,2.2670192572301895,46.213383937530004,24.81583936424374,35.728128434513664,4.693125729126043,4.13954799382164,11.299385822695434,29.68695255195415
42,22,Cu(755),Cu,(755),-2.972456993107259,0.20587799840361215,-1.352590004787271,0.7095104507579968,0.3723312590955536,1.3535025265333447,2.191655050929056,62.63020243000314,28.88532097296945,48.47098152158701,2.8848894991748777,5.5993564207780695,8.495658278832737,13.391740461598285
43,14,Cu(511),Cu,(511),-2.7759195543965687,0.09034582645008438,-1.1806018014023474,0.14068466485242193,1.4521945454835552,1.7526328809556238,2.6698892469103095,72.38066237283286,61.48230517128884,10.197289850560328,4.3176533639793515,4.379225093664919,22.78623478230567,27.853321682231503
44,8,Fe(p111),Fe,(p111),-2.020917254679098,-0.791195121863913,-3.3170927688091565,-3.657098833948321,0.8827539954134802,-0.7606039415757557,-1.2834692348004655,0.0,0.0,0.0,0.0,0.0,0.029228325368343532,189.93255819850964
45,3,Pt(p111),Pt,(p111),-2.0344056365996304,-0.6868278596620979,-3.4076239423766364,-3.60650815612301,1.659448286378805,3.8556921642780733,-1.0476401895348955,0.0,0.0,0.0,0.0,0.0,0.1597449275042981,192.23279784715385
46,8,Fe(p111),Fe,(p111),-2.1430224334292474,-0.821390558902283,-3.338617586011523,-3.704102406587859,-0.6945220188461828,-1.0560387446939548,-1.2137606829423029,0.0,0.0,0.0,0.0,0.0,-0.032884977978832705,190.12979028633563
47,3,Pt(p111),Pt,(p111),-1.6736192148213127,-0.717120037263858,-3.1649175249106105,-3.705386825209079,-0.5194623307623828,0.885200314631077,-1.2030439542198115,0.0,0.0,0.0,0.0,0.0,0.09216588529836423,189.637827039135
48,3,Pt(p111),Pt,(p111),-1.9821650662117594,-0.6015963887902561,-3.2939585785653263,-3.7407390982799367,0.8285458330703441,-2.69441770522025,-1.197086403351552,0.0,0.0,0.0,0.0,0.0,0.08757991355885358,190.00037043132605
49,8,Fe(p111),Fe,(p111),-2.252075333391181,-0.496501627201273,-2.944759889402335,-3.5882824733584076,-0.0414844771331655,-0.346402138202178,-1.2188637691706143,0.0,0.0,0.0,0.0,0.0,0.09616795239737291,190.85329413605945
50,3,Pt(p111),Pt,(p111),-1.9038387027399097,-0.7741233087371162,-3.2081760368377616,-3.6621976155216043,0.951278105378474,-2.3444831532897688,-0.9517823119865731,0.0,0.0,0.0,0.0,0.0,0.001955897966589022,189.30896117338003
51,3,Pt(p111),Pt,(p111),-2.0722946250376717,-0.8161597374925665,-3.422336952482188,-3.840710314861517,0.40469657161454053,-0.7688166834259629,-1.3761842052123292,0.0,0.0,0.0,0.0,0.0,0.12209454720086206,190.07599913528276
52,8,Fe(p111),Fe,(p111),-1.9460123360795443,-0.7410712796353666,-3.1053823065109327,-3.5402950182656183,1.8921196425236375,2.5464891212257346,-0.8020194438418415,0.0,0.0,0.0,0.0,0.0,0.1408826226861966,190.6138498657167
53,3,Pt(p111),Pt,(p111),-1.9218024531428348,-0.8375996912952258,-3.114424372468804,-3.481352203126125,-0.3950047652318234,2.816592072564523,-1.0208509058343238,0.0,0.0,0.0,0.0,0.0,0.02863019188155265,190.3959849084973
54,3,Pt(p111),Pt,(p111),-1.8844853056419861,-0.9796558286123889,-3.3632060122991128,-3.7681187302362926,0.28583241509229473,-1.7969422538294082,-1.2554765429216106,0.0,0.0,0.0,0.0,0.0,0.006493325135894783,191.19250288362673
55,8,Fe(p111),Fe,(p111),-1.863865550056655,-0.6027858048099817,-2.928559064228365,-3.7363692662738135,-0.41263779040761117,-0.556276567612001,-1.354411842161459,0.0,0.0,0.0,0.0,0.0,0.01947561944072377,190.2967471766466
56,8,Fe(p111),Fe,(p111),-1.8778253418894764,-0.8087063738056981,-3.4294572885771704,-3.614481695877214,0.893094372261434,-1.3625160003323487,-1.1970556232894891,0.0,0.0,0.0,0.0,0.0,0.142831862410138,190.4010082764902
57,3,Pt(p111),Pt,(p111),-1.808350687129223,-0.938580209633687,-3.540342989506395,-3.6782388931553314,0.6790689382685178,0.9180527588326306,-1.5279641986227297,0.0,0.0,0.0,0.0,0.0,-0.0026905733352038247,189.8869225356463
58,3,Pt(p111),Pt,(p111),-2.0306421801326984,-0.48244244478354503,-2.969535440776397,-3.4614858113072833,0.5849235180333817,1.753994462570813,-0.876894556716932,0.0,0.0,0.0,0.0,0.0,0.24698964101986992,190.2682788016764
59,8,Fe(p111),Fe,(p111),-2.046132558069443,-0.6525208524555862,-3.1996185570026174,-3.5554936957855645,0.5213224369144379,-0.6401004972106767,-1.250480602092294,0.0,0.0,0.0,0.0,0.0,0.02454320317848202,190.32202476745556
60,3,Pt(p111),Pt,(p111),-1.8180881203720949,-1.041602930207142,-3.2443160842872913,-3.4974191064470395,-0.7448192709633135,-0.14026573329458492,-1.0140486587262558,0.0,0.0,0.0,0.0,0.0,0.10003746307656655,189.53772148467502
61,8,Fe(p111),Fe,(p111),-2.0643965287371366,-0.28333291934829197,-2.840967087320352,-3.5846464022787448,0.7070837653246466,2.203127527519393,-0.8258114891872319,0.0,0.0,0.0,0.0,0.0,0.16978388041370734,191.04975348558685
62,8,Fe(p111),Fe,(p111),-1.9778552627930752,-0.45642272722708555,-2.5810804721407425,-3.5418469645942565,1.8892581510086552,2.623622075999223,-0.9556141934491571,0.0,0.0,0.0,0.0,0.0,0.04593304552029741,191.4367805150754
63,3,Pt(p111),Pt,(p111),-1.957152895645832,-0.9249425399794655,-3.0822411212048664,-3.584130256018429,-0.288214768929823,-1.8149579909537035,-1.1110880340807228,0.0,0.0,0.0,0.0,0.0,-0.03970402201492437,189.27308751684518
64,3,Pt(p111),Pt,(p111),-2.052374580810497,-0.603281379657332,-3.189241728520698,-3.559710672950278,-0.09145135527301831,-0.23528214242447099,-1.3024100320461498,0.0,0.0,0.0,0.0,0.0,-0.06118636941968443,189.60821784669
65,3,Pt(p111),Pt,(p111),-1.8939994914908422,-0.8391502565150221,-2.944175873690175,-3.5279691558629516,1.17308165921362,5.846796618873269,-0.5874787529976492,0.0,0.0,0.0,0.0,0.0,0.09877772739945907,191.06647535490305
66,6,Pb(p111),Pb,(p111),-3.3056672037662205,1.5061653205508299,-0.25502335093772166,1.3475846901486492,0.8354406520617568,0.9843992625883784,3.598708530659324,1.500405870398191,0.0,0.0,0.0,20.752162739395295,161.32896478045154,11.139777069972734
67,4,Sn(p111),Sn,(p111),-3.044754340409151,1.6922413116055304,-0.27111960811930286,0.808690812898732,0.7369977092618802,0.6577954733606082,3.4769257249693584,1.1839773972346241,0.0,0.0,0.0,5.648978221383903,186.92291712212466,8.35822322586543
68,4,Sn(p111),Sn,(p111),-3.1310930355974467,1.896106166547675,-0.31467381117575055,0.7744481496931281,1.186023826429114,1.3406538750568098,2.828822915408454,0.3231762109123065,0.0,0.0,0.0,10.377957600561441,177.9174002922498,9.484950283141234
69,4,Sn(p111),Sn,(p111),-3.0832216088569533,1.5849468188342122,-0.31745162118705933,1.1409888927681096,1.3403277750322924,1.5289524019465812,3.055407899138883,0.39122490207678073,0.0,0.0,0.0,2.544228307014917,189.7191398624889,15.026508803902475
70,5,In(p111),In,(p111),-3.0498624172954605,1.643654035520563,-0.2828241283428659,1.355594184101066,1.1785582459879576,0.906692445504069,3.5623814844423434,0.8200499511990698,0.0,0.0,0.0,11.132845948054223,184.21704718338566,12.392110282678438
71,4,Sn(p111),Sn,(p111),-3.14461043429451,1.6982858959051026,-0.2820439652958737,1.3818463487165134,1.0755623612258198,0.9350187270367443,3.658662607074807,1.6667754446671783,0.0,0.0,0.0,10.66646203095616,182.1173628868362,5.810247447298052
72,5,In(p111),In,(p111),-3.2708907470881012,1.635876324587667,-0.26602421544097143,1.5343771339179506,1.1103967667141932,1.7455732962636765,4.105433671730509,0.9605163006830846,0.0,0.0,0.0,9.978605747734145,182.23315538795586,10.321095269498056
73,5,In(p111),In,(p111),-3.3499953114354826,1.557909094182095,-0.22802503917972305,1.6040272698575808,0.867083106588527,1.6436528977367257,4.139451168916461,1.6094647561198405,0.0,0.0,0.0,22.68029590653688,171.0965474015113,12.240340874707876
74,5,In(p111),In,(p111),-2.9909134817268823,1.769324308536985,-0.28822687529817936,1.0960056160397285,1.0305446409979009,1.2362558467578186,2.9579127098254276,-1.6517997338128165,0.0,0.0,0.0,18.947607130908295,182.11303926084344,13.309051494595886
75,7,Cd(p111),Cd,(p111),-2.989934560500018,1.64389522607965,-0.3221777140770633,0.6680975961100992,0.4446425643705334,1.2335191704364097,3.4514273120238204,-0.5131162358758414,0.0,0.0,0.0,15.726649174438682,192.1222297881192,10.765026675876197
76,7,Cd(p111),Cd,(p111),-3.0950936277879735,1.742306026059593,-0.280011595143146,1.3509184620661718,0.5351743879302158,0.7690585794086404,3.5203435390689335,0.2773426800543091,0.0,0.0,0.0,13.283160196129836,176.19103845301515,7.012162405930651
77,4,Sn(p111),Sn,(p111),-3.1807207118921816,1.6734184623912016,-0.24972804655692543,1.479257767715021,0.7802628475575297,0.917271513557226,3.6641246958388862,0.6096245946420576,0.0,0.0,0.0,8.399716413236044,188.38694568609097,10.700428748135835
78,6,Pb(p111),Pb,(p111),-3.1911665649171055,1.7657406322650049,-0.28859212664101586,1.4176049939912025,0.9119657678754243,1.3741331702483979,4.118579417309929,-0.4501470491325145,0.0,0.0,0.0,5.581602041455885,167.74598234178018,10.530265783037954
79,7,Cd(p111),Cd,(p111),-2.9510709454260287,1.5823708647756933,-0.2854278703742711,1.662795484826673,0.7751269530554425,1.153981365820977,3.8861605180446164,0.7053295814116706,0.0,0.0,0.0,14.061383273046843,193.04823389704404,13.293129987067214
80,7,Cd(p111),Cd,(p111),-3.236324345736635,1.5280099776073033,-0.23778134402566,1.6285005089575861,1.4364799973704483,1.2505571554275572,3.561317606187286,1.8768273507186628,0.0,0.0,0.0,19.085778547519197,172.24109324922227,11.50833341514032
81,6,Pb(p111),Pb,(p111),-3.224676324913944,1.6851235017243402,-0.2739724697831073,1.1028384722747604,0.8647792942502706,1.0850324140059433,3.6907912080741543,0.6705536031045554,0.0,0.0,0.0,14.361523110504134,193.85415667152932,7.856792680185652
82,7,Cd(p111),Cd,(p111),-3.2745035621447967,1.5618541433903808,-0.284230416259724,1.5283241619930137,1.2803961311722316,1.5262156706164338,3.8444642941369453,0.19392623036105605,0.0,0.0,0.0,19.78052632329817,169.64288297059142,18.72809414837473
83,4,Sn(p111),Sn,(p111),-3.2329849127805343,1.617487880636543,-0.24996642329440422,1.4114472374731801,1.9042142275382408,1.386444190891639,3.3956810725643356,0.8502598356272668,0.0,0.0,0.0,21.33782622948543,160.69087379154877,10.805999724757012
84,5,In(p111),In,(p111),-3.16630835619069,1.7444406194285729,-0.2819173594668035,1.1538324466751881,-0.06879928612894559,0.5724090773741873,3.194080224676353,0.40135260658123917,0.0,0.0,0.0,3.5199285455869034,177.78944913689304,6.4297740305591295
85,6,Pb(p111),Pb,(p111),-3.1191377353187693,1.7931947178405654,-0.2207581046455775,1.6581987010991586,0.4014503398239432,2.0773652880238256,5.17052130913974,0.27475238154022164,0.0,0.0,0.0,-3.790288047483406,183.10810991540512,10.051153722414716
86,6,Pb(p111),Pb,(p111),-3.087527764946546,1.4956846347751591,-0.2974573576420168,1.5187642931779772,0.752949528417405,1.2951534757241676,3.7349482975203516,-0.0625765890616114,0.0,0.0,0.0,12.365336426846728,181.92374153974868,13.109334336495378
87,4,Sn(p111),Sn,(p111),-3.218410951867904,1.608481242282549,-0.3027729465417285,1.8270878179833177,0.9804394418854381,1.5500057531644544,3.1579655750423385,0.004312652486734014,0.0,0.0,0.0,9.3929409581514,194.86803755326764,5.568903875862629
