,metal_facet,metal,facet,Vnhe,H*,CO*,OCCOH*,OH*,O*,C*,CH4,C2H4,EtOH,PrOH,CO,HCOOH,H2
0,Cu(p111),Cu,(p111),-1.44,0.02323631767638412,-0.5568525848693895,0.07014804837683108,0.8566535061976648,0.936462427283896,1.8075978249879547,33.3,25.5,5.7,3.0,1.3,9.4,20.5
1,Ag(p111),Ag,(p111),-1.37,0.43372948563945224,-0.08745020199104658,1.02548899330497,1.2807625608619784,2.010690702818902,3.1856891511177885,0.0,0.0,0.0,0.0,81.5,0.8,12.4
2,Au(p111),Au,(p111),-1.14,0.40713994374789886,-0.09095117787775564,0.6052287998792227,1.9779282036924197,2.656480487469235,2.4239836454406607,0.0,0.0,0.0,0.0,87.1,0.7,10.2
3,Pt(p111),Pt,(p111),-1.07,-0.22591751452920894,-1.4303561365181992,-1.6886551132028043,0.7747827885649823,1.5843253802927215,-0.44405663341889223,0.0,0.0,0.0,0.0,0.0,0.1,95.7
4,Sn(p111),Sn,(p111),-1.48,0.826178297257576,-0.1650510005843131,0.38104735933131373,0.3520104537873632,0.5510140834771668,1.3542764188485883,0.0,0.0,0.0,0.0,7.1,88.4,4.6
5,In(p111),In,(p111),-1.55,0.8482493658692705,-0.1414055508398775,0.6590647937711029,0.1711676676822318,0.36305390972891516,1.8462568504690928,0.0,0.0,0.0,0.0,2.1,94.9,3.3
6,Pb(p111),Pb,(p111),-1.63,0.9079087914696005,-0.12319922869257027,0.9734980390986667,0.38680959463991904,1.0281148459202818,2.258035264164267,0.0,0.0,0.0,0.0,0.0,97.4,5.0
7,Cd(p111),Cd,(p111),-1.63,0.7312538698805668,-0.1244066871818319,0.8055813812899206,0.9499774609657035,0.6121064854355431,1.898794760770091,1.3,0.0,0.0,0.0,13.9,78.4,9.4
8,Fe(p111),Fe,(p111),-0.91,-0.4594891448574514,-1.6698399157421733,-1.8847140010160555,-0.22953091985990604,-0.8620733203329287,-0.629993784183295,0.0,0.0,0.0,0.0,0.0,0.0,94.8
9,Zn(p111),Zn,(p111),-1.54,0.5338956163271917,-0.1488866731192644,0.2504388975613612,0.7026204204784445,-0.15339191154091125,1.0332556237566344,0.0,0.0,0.0,0.0,79.4,6.1,9.9
10,Cu(100),Cu,(100),-1.4,0.138276597,-0.569520924,-0.165608167,-0.075690369,0.597151796,0.652417109,30.4,40.4,9.7,1.5,0.9,3.0,6.8
11,Cu(1111),Cu,(1111),-1.37,0.068053336,-0.75473835,-0.524107503,-0.113444973,0.493543353,0.734584669,8.9,50.2,14.4,2.3,1.8,3.2,8.8
12,Cu(911),Cu,(911),-1.36,0.060409992,-0.737806413,-0.501938224,-0.323447643,0.439508724,0.722656344,5.7,50.9,16.9,4.5,0.0,3.5,12.7
13,Cu(711),Cu,(711),-1.34,0.03148199,-0.716354178,-0.479831349,-0.305811619,0.528111197,0.756367952,5.0,50.0,7.4,4.6,1.1,4.6,15.6
14,Cu(511),Cu,(511),-1.36,0.06594357,-0.699134686,-0.407334131,-0.106929555,0.552297228,0.803959006,11.4,39.0,12.2,3.3,1.9,8.8,18.1
15,Cu(311),Cu,(311),-1.37,0.02212168,-0.775472589,-0.369563167,-0.340910128,0.67111035,0.835477845,36.0,23.8,3.3,1.5,2.6,14.0,13.3
16,Cu(111),Cu,(111),-1.55,0.019613528,-0.559283849,0.100497086,0.06784932,0.885095326,1.731726612,46.3,8.3,2.6,0.0,6.4,11.5,16.3
17,Cu(810),Cu,(810),-1.38,0.12473498,-0.681574677,-0.08388352,-0.042858785,0.67121695,0.610553328,6.4,45.1,26.0,1.9,1.4,1.5,8.7
18,Cu(610),Cu,(610),-1.37,0.051595605,-0.68676579,-0.077391932,-0.13949387,0.501558075,0.680590774,7.6,44.7,26.0,2.0,0.9,1.4,9.0
19,Cu(510),Cu,(510),-1.38,0.087413949,-0.713402898,-0.207617016,-0.159645324,0.500368173,0.597683911,8.1,42.3,26.1,1.7,2.1,2.8,10.5
20,Cu(310),Cu,(310),-1.42,0.137361192,-0.628750761,0.48699492,0.350743602,0.589919237,0.821750071,17.7,34.6,29.9,1.9,0.0,2.7,12.8
21,Cu(210),Cu,(210),-1.52,0.032303523,-0.700932614,0.200859684,0.026511079,0.626988253,0.950609518,64.0,13.4,6.6,0.5,2.2,5.5,7.0
22,Cu(755),Cu,(755),-1.43,0.015991007,-0.65219819,-0.331298879,-0.228956794,0.739322167,0.811152791,62.9,11.5,5.3,0.6,4.4,12.3,6.9
23,Cu(533),Cu,(533),-1.42,0.024667169,-0.656181916,-0.041293067,-0.204859519,0.750977034,0.904278961,62.9,13.0,1.9,0.4,3.0,9.7,4.7
24,Cu(211),Cu,(211),-1.38,-0.018493178,-0.66543338,0.038885074,-0.199373711,0.837974778,1.679241191,45.6,17.8,3.4,1.3,2.1,13.6,11.2
25,Cu(332),Cu,(332),-1.51,-0.034256989,-0.69296658,-0.0798888,-0.210130352,0.59591194,1.110035604,39.6,9.9,7.1,0.2,6.1,9.4,10.3
26,Cu(331),Cu,(331),-1.55,0.008700232,-0.666312979,-0.076408886,-0.185611801,0.659899989,1.092102642,13.8,16.6,15.6,0.4,7.7,9.1,5.7
27,Cu(110),Cu,(110),-1.58,0.128530693,-0.623258477,-0.058656657,0.048495136,1.067399308,1.425344013,6.9,13.5,10.5,0.04,13.9,10.1,3.1
28,Cu(650),Cu,(650),-1.59,0.005769522,-0.701444361,0.221240072,-0.318030998,0.581981364,0.885778813,10.5,16.2,10.9,0.06,14.5,6.1,2.5
29,Cu(320),Cu,(320),-1.52,0.128104342,-0.639207249,0.222679434,-0.209472944,1.068234881,0.965003967,52.4,13.7,6.5,0.4,5.4,5.8,5.3
30,Cu(210),Cu,(210),-1.52,0.032303523,-0.700932614,0.200859684,0.026511079,0.626988253,0.950609518,64.0,13.4,6.6,0.5,2.2,5.5,7.0
