,Vnhe,H*,CO*,OCCOH*,OH*,O*,C*,EtOH
0,-1.369160758820929,0.06838129364989254,-0.755343699282537,0.0,0.0,0.49456523942551167,0.7382639524926529,14.392194295476301
1,-1.3613690025515977,0.06145636774387383,-0.740124399495649,0.0,0.0,0.44690607849756303,0.7242893347361286,15.550159744408944
2,-1.5497046046772316,0.009088377570053584,-0.6670484842866411,0.0,0.0,0.6617037890774028,1.095155513482085,15.527233832599297
3,-1.551583072899342,0.009763964687231634,-0.6650828801986238,0.0,0.0,0.6584237045587289,1.0924326492113756,15.631952736014087
4,-1.3652683619423989,0.06443678226422613,-0.7467267702501892,0.0,0.0,0.4679761222995232,0.7289406173466563,15.550159744408944
5,-1.362656587365963,0.06029332799131829,-0.7376272869500359,0.0,0.0,0.43825534681520323,0.7214116156561355,16.82728294566237
6,-1.381756331855312,0.1244050269107934,-0.6813031798779452,0.0,0.0,0.671113524836068,0.6123398267191646,26.125809395935764
7,-1.38,0.11357158954481159,-0.6910950693631431,0.0,0.0,0.6201130132828602,0.606703854310443,26.049904030710174
8,-1.369316353355107,0.052277298623238336,-0.6870888223337461,0.0,0.0,0.5027157406015961,0.6824897807971717,25.987482827807987
9,-1.3709869738758844,0.05150705144529399,-0.6867586324112078,0.0,0.0,0.5050432300037251,0.6776070648881675,26.14197971248536
10,-1.380820634289964,0.08828055006692764,-0.7129897421236503,0.0,0.0,0.5022863650029291,0.5955996455808439,26.02131820732245
11,-1.3805720924486535,0.088331689610301,-0.7138205090959426,0.0,0.0,0.5006861479992742,0.5956233668486498,26.157032016283637
12,-1.4198242227814672,0.13828203465149239,-0.6289455926787867,0.48450232984218267,0.35028409883308775,0.5909724727097204,0.8187562260308139,29.939648332968567
13,-1.4179198279260707,0.13677917806723686,-0.6293205394652144,0.4808058058000071,0.3570089750978683,0.5904367479466939,0.8182782918161963,29.66642114031141
14,-1.4611520925519943,0.03288077921388732,-0.699744779037748,0.0,0.0,0.5568405010259531,0.9193419552015138,16.224
15,-1.5494869115896537,0.009835359110652312,-0.66490051836769,0.0,0.0,0.6609303171057318,1.0858729705076504,15.668297915234781
16,-1.3814075985062655,0.12408156465472642,-0.6822358153489654,0.0,0.0,0.6723530362600788,0.6134253143052323,25.876762565617533
0,-1.44,0.0232363176763841,-0.5568525848693895,0.070148048376831,0.8566535061976648,0.936462427283896,1.8075978249879547,5.7
1,-1.37,0.4337294856394522,-0.0874502019910465,1.02548899330497,1.2807625608619784,2.010690702818902,3.1856891511177885,0.0
2,-1.14,0.4071399437478988,-0.0909511778777556,0.6052287998792227,1.97792820369242,2.656480487469235,2.4239836454406607,0.0
5,-1.55,0.8482493658692705,-0.1414055508398775,0.6590647937711029,0.1711676676822318,0.3630539097289151,1.8462568504690928,0.0
7,-1.63,0.7312538698805668,-0.1244066871818319,0.8055813812899206,0.9499774609657036,0.6121064854355431,1.898794760770091,0.0
9,-1.54,0.5338956163271917,-0.1488866731192644,0.2504388975613612,0.7026204204784445,-0.1533919115409112,1.0332556237566344,0.0
10,-1.4,0.138276597,-0.569520924,-0.165608167,-0.075690369,0.597151796,0.652417109,9.7
11,-1.37,0.068053336,-0.75473835,-0.524107503,-0.113444973,0.493543353,0.734584669,14.4
12,-1.36,0.060409992,-0.737806413,-0.501938224,-0.323447643,0.439508724,0.722656344,16.9
13,-1.34,0.03148199,-0.716354178,-0.479831349,-0.305811619,0.528111197,0.756367952,7.4
14,-1.36,0.06594357,-0.699134686,-0.407334131,-0.106929555,0.552297228,0.803959006,12.2
15,-1.37,0.02212168,-0.775472589,-0.369563167,-0.340910128,0.67111035,0.835477845,3.3
17,-1.38,0.12473498,-0.681574677,-0.08388352,-0.042858785,0.67121695,0.610553328,26.0
18,-1.37,0.051595605,-0.68676579,-0.077391932,-0.13949387,0.501558075,0.680590774,26.0
19,-1.38,0.087413949,-0.713402898,-0.207617016,-0.159645324,0.500368173,0.597683911,26.1
20,-1.42,0.137361192,-0.628750761,0.48699492,0.350743602,0.589919237,0.821750071,29.9
21,-1.52,0.032303523,-0.700932614,0.200859684,0.026511079,0.626988253,0.950609518,6.6
23,-1.42,0.024667169,-0.656181916,-0.041293067,-0.204859519,0.750977034,0.904278961,1.9
25,-1.51,-0.034256989,-0.69296658,-0.0798888,-0.210130352,0.59591194,1.110035604,7.1
26,-1.55,0.008700232,-0.666312979,-0.076408886,-0.185611801,0.659899989,1.092102642,15.6
27,-1.58,0.128530693,-0.623258477,-0.058656657,0.048495136,1.067399308,1.425344013,10.5
28,-1.59,0.005769522,-0.701444361,0.221240072,-0.318030998,0.581981364,0.885778813,10.9
29,-1.52,0.128104342,-0.639207249,0.222679434,-0.209472944,1.068234881,0.965003967,6.5
30,-1.52,0.032303523,-0.700932614,0.200859684,0.026511079,0.626988253,0.950609518,6.6
