,Vnhe,H*,CO*,OCCOH*,OH*,O*,C*,CH4
0,-1.4909850077964606,0.0,-0.7041726594134298,0.0,0.0,0.6061254912847756,1.0727447922370978,37.714285714285715
1,-1.5086662765641836,0.0,-0.6937285830603341,0.0,0.0,0.5905371191205608,1.1087132592504219,39.61934404260033
2,-1.381375813192834,0.0,-0.6650989048751795,0.033475770098626186,0.0,0.8371377400617881,1.6797997181546203,45.836115937319605
3,-1.5494969229000863,0.02012891956764862,-0.5583558924341135,0.10256921785733632,0.07134528816038166,0.8867298648527616,1.735610241062325,46.19703056018024
4,-1.5199881142332383,0.12843880217866854,-0.6378035635015653,0.22887256053560717,0.0,1.0697291638334374,0.9711795448353048,51.917084848636
5,-1.4205885250372636,0.024272077488342463,-0.6576584847945204,0.0,0.0,0.7494938022960637,0.9103424830068363,63.01954321530868
6,-1.4234347137762997,0.021687155685319093,-0.6548136201426796,0.0,0.0,0.7469739207754158,0.8722927870966961,94.35
7,-1.4628786459465195,0.021950267422899267,-0.6700017663567063,0.0,0.0,0.6982845338200804,0.8620988837988158,63.44523246650907
8,-1.52,0.032303523,-0.700932614,0.200859684,0.026511079,0.626988253,0.950609518,96.0
9,-1.4233921799510711,0.0217240587211355,-0.654830564453224,0.0,0.0,0.74702349338302,0.8726888883205961,94.35
10,-1.3903857157959127,0.0,-0.6676330106934771,0.029396214774280366,0.0,0.8186363484598456,1.6337672874920948,42.3887323943662
11,-1.468376583169402,0.02836137614391996,-0.6778307746368579,0.07585215998451003,0.0,0.6909954982388073,0.9266921014399523,63.44523246650907
12,-1.5508056146089644,0.017958425234480314,-0.5581906000979789,0.1006119501056035,0.06584637179904335,0.8838670113936005,1.735577994944879,46.64880309231798
0,-1.44,0.0232363176763841,-0.5568525848693895,0.070148048376831,0.8566535061976648,0.936462427283896,1.8075978249879547,33.3
2,-1.14,0.4071399437478988,-0.0909511778777556,0.6052287998792227,1.97792820369242,2.656480487469235,2.4239836454406607,0.0
3,-1.07,-0.2259175145292089,-1.4303561365181992,-1.6886551132028045,0.7747827885649823,1.5843253802927215,-0.4440566334188922,0.0
4,-1.48,0.826178297257576,-0.1650510005843131,0.3810473593313137,0.3520104537873632,0.5510140834771668,1.3542764188485883,0.0
5,-1.55,0.8482493658692705,-0.1414055508398775,0.6590647937711029,0.1711676676822318,0.3630539097289151,1.8462568504690928,0.0
6,-1.63,0.9079087914696004,-0.1231992286925702,0.9734980390986668,0.386809594639919,1.0281148459202818,2.258035264164267,0.0
7,-1.63,0.7312538698805668,-0.1244066871818319,0.8055813812899206,0.9499774609657036,0.6121064854355431,1.898794760770091,1.3
9,-1.54,0.5338956163271917,-0.1488866731192644,0.2504388975613612,0.7026204204784445,-0.1533919115409112,1.0332556237566344,0.0
10,-1.4,0.138276597,-0.569520924,-0.165608167,-0.075690369,0.597151796,0.652417109,30.4
12,-1.36,0.060409992,-0.737806413,-0.501938224,-0.323447643,0.439508724,0.722656344,5.7
14,-1.36,0.06594357,-0.699134686,-0.407334131,-0.106929555,0.552297228,0.803959006,11.4
15,-1.37,0.02212168,-0.775472589,-0.369563167,-0.340910128,0.67111035,0.835477845,36.0
16,-1.55,0.019613528,-0.559283849,0.100497086,0.06784932,0.885095326,1.731726612,46.3
19,-1.38,0.087413949,-0.713402898,-0.207617016,-0.159645324,0.500368173,0.597683911,8.1
21,-1.52,0.032303523,-0.700932614,0.200859684,0.026511079,0.626988253,0.950609518,64.0
22,-1.43,0.015991007,-0.65219819,-0.331298879,-0.228956794,0.739322167,0.811152791,62.9
23,-1.42,0.024667169,-0.656181916,-0.041293067,-0.204859519,0.750977034,0.904278961,62.9
24,-1.38,-0.018493178,-0.66543338,0.038885074,-0.199373711,0.837974778,1.679241191,45.6
25,-1.51,-0.034256989,-0.69296658,-0.0798888,-0.210130352,0.59591194,1.110035604,39.6
26,-1.55,0.008700232,-0.666312979,-0.076408886,-0.185611801,0.659899989,1.092102642,13.8
28,-1.59,0.005769522,-0.701444361,0.221240072,-0.318030998,0.581981364,0.885778813,10.5
29,-1.52,0.128104342,-0.639207249,0.222679434,-0.209472944,1.068234881,0.965003967,52.4
30,-1.52,0.032303523,-0.700932614,0.200859684,0.026511079,0.626988253,0.950609518,64.0
