,Vnhe,H*,CO*,OCCOH*,OH*,O*,C*,CO
0,-1.5147909474798293,0.12896540666851053,-0.6490453240830044,0.22260952721266025,0.0,1.0681530139907873,0.9478518316133205,6.449072465473801
1,-1.5283909022623874,0.2610568521500781,-0.5115727063752333,0.06480849565779534,0.0,0.6262867579329806,1.1730360529737172,7.3878378378378375
2,-1.3753987794486409,0.4817352702812916,-0.1250460400442649,0.3964360249634048,1.2274134647176154,1.0028791546357023,1.6055444483170536,83.07195195195196
3,-1.5942135802488144,0.08219168497633784,-0.6406594973694497,0.28279429698475816,0.0,0.5851547294168484,0.9924894127314501,14.193661971830988
4,-1.5357507670700823,0.1837982318602358,-0.4790336249185707,0.15760603161785658,0.1256932940709377,0.8170895911110833,1.6548926731191875,6.731851851851852
5,-1.55,0.0158828173365452,-0.5958717612669532,0.04002177256863729,0.0,0.8081122912590566,1.513071132896318,6.990070921985816
6,-1.512146308617355,0.0,-0.6906697530273486,0.0,0.0,0.6016552777994105,1.1368748795831107,5.130084713611954
7,-1.5814653453477403,0.13073032004715704,-0.6211486882798325,0.0,0.02225914067204872,1.0688923639802979,1.4372109141536806,12.98352673836891
8,-1.6171585865822844,0.49834775890016225,-0.3096561703592329,0.6179871730488931,0.5429019399972259,0.6024352569702257,1.573580846168722,14.193661971830988
1,-1.37,0.4337294856394522,-0.0874502019910465,1.02548899330497,1.2807625608619784,2.010690702818902,3.1856891511177885,81.5
2,-1.14,0.4071399437478988,-0.0909511778777556,0.6052287998792227,1.97792820369242,2.656480487469235,2.4239836454406607,87.1
3,-1.07,-0.2259175145292089,-1.4303561365181992,-1.6886551132028045,0.7747827885649823,1.5843253802927215,-0.4440566334188922,0.0
4,-1.48,0.826178297257576,-0.1650510005843131,0.3810473593313137,0.3520104537873632,0.5510140834771668,1.3542764188485883,7.1
7,-1.63,0.7312538698805668,-0.1244066871818319,0.8055813812899206,0.9499774609657036,0.6121064854355431,1.898794760770091,13.9
8,-0.91,-0.4594891448574514,-1.6698399157421733,-1.8847140010160557,-0.229530919859906,-0.8620733203329287,-0.629993784183295,0.0
9,-1.54,0.5338956163271917,-0.1488866731192644,0.2504388975613612,0.7026204204784445,-0.1533919115409112,1.0332556237566344,79.4
11,-1.37,0.068053336,-0.75473835,-0.524107503,-0.113444973,0.493543353,0.734584669,1.8
13,-1.34,0.03148199,-0.716354178,-0.479831349,-0.305811619,0.528111197,0.756367952,1.1
15,-1.37,0.02212168,-0.775472589,-0.369563167,-0.340910128,0.67111035,0.835477845,2.6
16,-1.55,0.019613528,-0.559283849,0.100497086,0.06784932,0.885095326,1.731726612,6.4
18,-1.37,0.051595605,-0.68676579,-0.077391932,-0.13949387,0.501558075,0.680590774,0.9
21,-1.52,0.032303523,-0.700932614,0.200859684,0.026511079,0.626988253,0.950609518,2.2
25,-1.51,-0.034256989,-0.69296658,-0.0798888,-0.210130352,0.59591194,1.110035604,6.1
26,-1.55,0.008700232,-0.666312979,-0.076408886,-0.185611801,0.659899989,1.092102642,7.7
27,-1.58,0.128530693,-0.623258477,-0.058656657,0.048495136,1.067399308,1.425344013,13.9
28,-1.59,0.005769522,-0.701444361,0.221240072,-0.318030998,0.581981364,0.885778813,14.5
29,-1.52,0.128104342,-0.639207249,0.222679434,-0.209472944,1.068234881,0.965003967,5.4
30,-1.52,0.032303523,-0.700932614,0.200859684,0.026511079,0.626988253,0.950609518,2.2
