,Vnhe,H*,CO*,OCCOH*,OH*,O*,C*,C2H4
0,-1.4197602417809532,0.13744431474448698,-0.6281136807530487,0.49459683002758675,0.3514429764107655,0.5889687359877926,0.8214277729595937,34.55802358907702
1,-1.3596841853026045,0.06528170267333606,-0.7003954805662449,0.0,0.0,0.5519175553749852,0.8052951789873243,39.076652534710654
2,-1.3843215967490206,0.09840434171216891,-0.6823129044459468,0.0,0.0,0.5212811625257617,0.609510651527015,41.32817412333736
3,-1.3792167664127957,0.08759247944843897,-0.7133292270122432,0.0,0.0,0.49851959804704,0.6021683809487198,42.35279243242804
4,-1.3696862174823776,0.05306613303578671,-0.6879291632965291,0.0,0.0,0.5014035493173319,0.6816878115773993,44.723716167266076
5,-1.3800358348441955,0.12497442573427672,-0.6814809713806792,0.0,0.0,0.6703405303991758,0.6104114162215312,45.17631513875496
6,-1.3402608235593125,0.03257968019369585,-0.7138462841508031,0.0,0.0,0.5292387822667521,0.7560059926647421,49.86837083068308
7,-1.3702442236322807,0.06689758802144886,-0.756063623008181,0.0,0.0,0.4945734778621894,0.7328520818661509,50.28148989008072
8,-1.3602091380668564,0.05994657547594064,-0.7392757104276836,0.0,0.0,0.4410392986903357,0.718985010003815,51.00357658992639
9,-1.365468179869057,0.07583182005273402,-0.6814159018969711,0.0,0.0,0.5584290491443213,0.7832425472376471,39.687657430730475
10,-1.3653460252043288,0.06449614296693554,-0.7468582691960107,0.0,0.0,0.4683957728540556,0.7290332566095425,50.54757665677547
11,-1.3794638823447058,0.08767195697678935,-0.7126924252422998,0.0,0.0,0.5000189683360845,0.5984205103707039,42.258027557205125
12,-1.3413482854947079,0.03343215027437393,-0.7178003648639781,0.0,0.0,0.5221381255429429,0.7540953083965162,50.445986124876114
1,-1.37,0.4337294856394522,-0.0874502019910465,1.02548899330497,1.2807625608619784,2.010690702818902,3.1856891511177885,0.0
2,-1.14,0.4071399437478988,-0.0909511778777556,0.6052287998792227,1.97792820369242,2.656480487469235,2.4239836454406607,0.0
3,-1.07,-0.2259175145292089,-1.4303561365181992,-1.6886551132028045,0.7747827885649823,1.5843253802927215,-0.4440566334188922,0.0
5,-1.55,0.8482493658692705,-0.1414055508398775,0.6590647937711029,0.1711676676822318,0.3630539097289151,1.8462568504690928,0.0
6,-1.63,0.9079087914696004,-0.1231992286925702,0.9734980390986668,0.386809594639919,1.0281148459202818,2.258035264164267,0.0
7,-1.63,0.7312538698805668,-0.1244066871818319,0.8055813812899206,0.9499774609657036,0.6121064854355431,1.898794760770091,0.0
8,-0.91,-0.4594891448574514,-1.6698399157421733,-1.8847140010160557,-0.229530919859906,-0.8620733203329287,-0.629993784183295,0.0
9,-1.54,0.5338956163271917,-0.1488866731192644,0.2504388975613612,0.7026204204784445,-0.1533919115409112,1.0332556237566344,0.0
10,-1.4,0.138276597,-0.569520924,-0.165608167,-0.075690369,0.597151796,0.652417109,40.4
11,-1.37,0.068053336,-0.75473835,-0.524107503,-0.113444973,0.493543353,0.734584669,50.2
12,-1.36,0.060409992,-0.737806413,-0.501938224,-0.323447643,0.439508724,0.722656344,50.9
13,-1.34,0.03148199,-0.716354178,-0.479831349,-0.305811619,0.528111197,0.756367952,50.0
14,-1.36,0.06594357,-0.699134686,-0.407334131,-0.106929555,0.552297228,0.803959006,39.0
15,-1.37,0.02212168,-0.775472589,-0.369563167,-0.340910128,0.67111035,0.835477845,23.8
17,-1.38,0.12473498,-0.681574677,-0.08388352,-0.042858785,0.67121695,0.610553328,45.1
18,-1.37,0.051595605,-0.68676579,-0.077391932,-0.13949387,0.501558075,0.680590774,44.7
19,-1.38,0.087413949,-0.713402898,-0.207617016,-0.159645324,0.500368173,0.597683911,42.3
20,-1.42,0.137361192,-0.628750761,0.48699492,0.350743602,0.589919237,0.821750071,34.6
23,-1.42,0.024667169,-0.656181916,-0.041293067,-0.204859519,0.750977034,0.904278961,13.0
25,-1.51,-0.034256989,-0.69296658,-0.0798888,-0.210130352,0.59591194,1.110035604,9.9
26,-1.55,0.008700232,-0.666312979,-0.076408886,-0.185611801,0.659899989,1.092102642,16.6
28,-1.59,0.005769522,-0.701444361,0.221240072,-0.318030998,0.581981364,0.885778813,16.2
30,-1.52,0.032303523,-0.700932614,0.200859684,0.026511079,0.626988253,0.950609518,13.4
