,Vnhe,H*,CO*,OCCOH*,OH*,O*,C*,HCOOH
0,-1.379713235444853,0.0,-0.6679297321784634,0.05593824256138635,0.0,0.8384279110018362,1.6809617075523635,14.630139709098849
1,-1.382442609499947,0.0,-0.6681001495620402,0.03669785039751437,0.0,0.83790301593553,1.6826962762181956,13.960072884944594
2,-1.3713805874054419,0.016514443857139217,-0.760280714394982,0.0,0.0,0.6941474427713052,0.9519667498661047,13.797101449275361
3,-1.3686456913740233,0.030432107985593235,-0.7749017134938533,0.0,0.0,0.6689793741022391,0.8286584697766486,13.663938844819889
4,-1.3703702264661837,0.014985731772838332,-0.7783293118965908,0.0,0.0,0.6657534412272121,0.8448835191099101,13.328751724429704
5,-1.3668380109056089,0.026796934684424466,-0.7711267597489904,0.0,0.0,0.6802472758721763,0.8299293908624553,14.72124912874501
6,-1.6341665978001805,0.725618605257684,-0.13389138965513653,0.8151186966454951,0.9565767677689864,0.609125004376401,1.892374778533241,77.39372412461906
7,-1.6239462096028403,0.7317642136007272,-0.12851532716415184,0.792530740147125,0.9350864514660244,0.6083796036415212,1.9011778213866652,77.96653020015661
8,-1.6288959357659674,0.7219584691536529,-0.12488791744140007,0.8171683622028443,0.9574063839680315,0.611894280875571,1.9128741790252146,78.5094593230528
9,-1.479580890656267,0.8275298474066719,-0.18029855120186908,0.374801523811612,0.3588592489138555,0.5470826003421881,1.3568813121235832,88.94276695215301
10,-1.478118032482034,0.816089272804685,-0.17212558346241147,0.3668900326361865,0.3515978348708631,0.5535332993073663,1.3682791163871735,88.7850256721097
11,-1.4772165180470336,0.8275073950386084,-0.16224941411191862,0.37679299756155027,0.3503414990295163,0.5550082609851048,1.3418082267773621,88.82557249925527
12,-1.5500073903682854,0.8502353987244764,-0.14391444348756613,0.6472887824115111,0.1763835911037589,0.3574126417343339,1.8525808042189231,94.88390969914134
13,-1.551580344361501,0.8422083921493841,-0.1455031316543311,0.6669597564189499,0.17315246391113231,0.3608393191131665,1.8309848896455552,93.70741785809419
14,-1.5587696492197707,0.8547892688088692,-0.13940976260470217,0.6935331595780629,0.1948064683884106,0.43595829873104636,1.8913962535238458,96.13374934997401
15,-1.6266112373460067,0.901449524131907,-0.1269906761591883,0.9822149883216034,0.37952354453470266,1.0307418638138774,2.2770395570679782,97.65401055589466
16,-1.6258810015969973,0.9122558168939019,-0.12492990956105517,0.9833748765148034,0.3781532975466171,1.0368559361348197,2.2511052641785976,97.09902384851522
17,-1.5881536498823134,0.8767021763259569,-0.13272258032921536,0.8090244931909459,0.27401174994586935,0.6802351861020277,2.042642468284344,96.13374934997401
18,-1.6288078732411304,0.9199155753685112,-0.1183817801705459,0.9742610148156254,0.38317273929209567,1.0248051767126078,2.258668109766449,96.3745061495765
0,-1.44,0.0232363176763841,-0.5568525848693895,0.070148048376831,0.8566535061976648,0.936462427283896,1.8075978249879547,9.4
2,-1.14,0.4071399437478988,-0.0909511778777556,0.6052287998792227,1.97792820369242,2.656480487469235,2.4239836454406607,0.7
3,-1.07,-0.2259175145292089,-1.4303561365181992,-1.6886551132028045,0.7747827885649823,1.5843253802927215,-0.4440566334188922,0.1
4,-1.48,0.826178297257576,-0.1650510005843131,0.3810473593313137,0.3520104537873632,0.5510140834771668,1.3542764188485883,88.4
5,-1.55,0.8482493658692705,-0.1414055508398775,0.6590647937711029,0.1711676676822318,0.3630539097289151,1.8462568504690928,94.9
6,-1.63,0.9079087914696004,-0.1231992286925702,0.9734980390986668,0.386809594639919,1.0281148459202818,2.258035264164267,97.4
7,-1.63,0.7312538698805668,-0.1244066871818319,0.8055813812899206,0.9499774609657036,0.6121064854355431,1.898794760770091,78.4
8,-0.91,-0.4594891448574514,-1.6698399157421733,-1.8847140010160557,-0.229530919859906,-0.8620733203329287,-0.629993784183295,0.0
9,-1.54,0.5338956163271917,-0.1488866731192644,0.2504388975613612,0.7026204204784445,-0.1533919115409112,1.0332556237566344,6.1
10,-1.4,0.138276597,-0.569520924,-0.165608167,-0.075690369,0.597151796,0.652417109,3.0
11,-1.37,0.068053336,-0.75473835,-0.524107503,-0.113444973,0.493543353,0.734584669,3.2
12,-1.36,0.060409992,-0.737806413,-0.501938224,-0.323447643,0.439508724,0.722656344,3.5
13,-1.34,0.03148199,-0.716354178,-0.479831349,-0.305811619,0.528111197,0.756367952,4.6
14,-1.36,0.06594357,-0.699134686,-0.407334131,-0.106929555,0.552297228,0.803959006,8.8
15,-1.37,0.02212168,-0.775472589,-0.369563167,-0.340910128,0.67111035,0.835477845,14.0
16,-1.55,0.019613528,-0.559283849,0.100497086,0.06784932,0.885095326,1.731726612,11.5
17,-1.38,0.12473498,-0.681574677,-0.08388352,-0.042858785,0.67121695,0.610553328,1.5
18,-1.37,0.051595605,-0.68676579,-0.077391932,-0.13949387,0.501558075,0.680590774,1.4
19,-1.38,0.087413949,-0.713402898,-0.207617016,-0.159645324,0.500368173,0.597683911,2.8
22,-1.43,0.015991007,-0.65219819,-0.331298879,-0.228956794,0.739322167,0.811152791,12.3
23,-1.42,0.024667169,-0.656181916,-0.041293067,-0.204859519,0.750977034,0.904278961,9.7
24,-1.38,-0.018493178,-0.66543338,0.038885074,-0.199373711,0.837974778,1.679241191,13.6
26,-1.55,0.008700232,-0.666312979,-0.076408886,-0.185611801,0.659899989,1.092102642,9.1
27,-1.58,0.128530693,-0.623258477,-0.058656657,0.048495136,1.067399308,1.425344013,10.1
28,-1.59,0.005769522,-0.701444361,0.221240072,-0.318030998,0.581981364,0.885778813,6.1
30,-1.52,0.032303523,-0.700932614,0.200859684,0.026511079,0.626988253,0.950609518,5.5
