,Vnhe,H*,CO*,OCCOH*,OH*,O*,C*,H2
0,-1.3719132678821893,0.4344886290550834,-0.09091512689628864,0.9702772031834991,1.2928987069537963,2.0171310538093277,3.1891121288377073,12.338840445282473
1,-1.3564643372483027,0.055208471570280464,-0.7356079589071188,0.0,0.0,0.43386511094896624,0.6998479071674514,12.603543464333292
2,-1.422783485354886,0.14149390801655032,-0.6284788881743323,0.4953571432817971,0.35695888520463437,0.5847237819470157,0.8270060591185392,12.529284839332135
3,-1.3702956045199886,0.020718669617140917,-0.7773660137633381,0.0,0.0,0.6875075394429948,0.8253015019042113,12.16533773679689
4,-1.3439412383753915,0.03259037078381355,-0.7176345058505331,0.0,0.0,0.512932374792086,0.755554562642433,15.310433846422791
5,-1.5488850550997086,0.025303027871868874,-0.5609397903502065,0.07251049036927813,0.07075522565463059,0.8816692375820806,1.6945460090620146,16.80929775911757
6,-1.5078632300755987,0.02988825600179923,-0.5902989150126524,0.0,0.029088176613048897,0.8112898687015558,1.5259732953824492,17.152906976744188
7,-1.438508457727951,0.01891234912630472,-0.5455217915044246,0.07197452104352423,0.86427159280799,0.946658207699883,1.7958801765570391,19.628164196918274
8,-0.9109027431813369,0.0,-1.671973395534904,0.0,0.0,0.0,0.0,94.03928958043599
9,-1.068505085089723,0.0,-1.4579702322610653,0.0,0.7891289538015132,1.5694849933807895,0.0,95.34504329302597
10,-1.4197894617903448,0.1295730758190694,-0.6286917899512424,0.47980288325553505,0.3572431530588157,0.5663125404490466,0.840038561839477,12.852415970286893
11,-0.9100053077865369,0.0,-1.6635575464138594,0.0,0.0,0.0,0.0,94.66777183822771
0,-1.44,0.0232363176763841,-0.5568525848693895,0.070148048376831,0.8566535061976648,0.936462427283896,1.8075978249879547,20.5
1,-1.37,0.4337294856394522,-0.0874502019910465,1.02548899330497,1.2807625608619784,2.010690702818902,3.1856891511177885,12.4
3,-1.07,-0.2259175145292089,-1.4303561365181992,-1.6886551132028045,0.7747827885649823,1.5843253802927215,-0.4440566334188922,95.7
4,-1.48,0.826178297257576,-0.1650510005843131,0.3810473593313137,0.3520104537873632,0.5510140834771668,1.3542764188485883,4.6
5,-1.55,0.8482493658692705,-0.1414055508398775,0.6590647937711029,0.1711676676822318,0.3630539097289151,1.8462568504690928,3.3
6,-1.63,0.9079087914696004,-0.1231992286925702,0.9734980390986668,0.386809594639919,1.0281148459202818,2.258035264164267,5.0
7,-1.63,0.7312538698805668,-0.1244066871818319,0.8055813812899206,0.9499774609657036,0.6121064854355431,1.898794760770091,9.4
8,-0.91,-0.4594891448574514,-1.6698399157421733,-1.8847140010160557,-0.229530919859906,-0.8620733203329287,-0.629993784183295,94.8
11,-1.37,0.068053336,-0.75473835,-0.524107503,-0.113444973,0.493543353,0.734584669,8.8
12,-1.36,0.060409992,-0.737806413,-0.501938224,-0.323447643,0.439508724,0.722656344,12.7
13,-1.34,0.03148199,-0.716354178,-0.479831349,-0.305811619,0.528111197,0.756367952,15.6
14,-1.36,0.06594357,-0.699134686,-0.407334131,-0.106929555,0.552297228,0.803959006,18.1
15,-1.37,0.02212168,-0.775472589,-0.369563167,-0.340910128,0.67111035,0.835477845,13.3
16,-1.55,0.019613528,-0.559283849,0.100497086,0.06784932,0.885095326,1.731726612,16.3
17,-1.38,0.12473498,-0.681574677,-0.08388352,-0.042858785,0.67121695,0.610553328,8.7
19,-1.38,0.087413949,-0.713402898,-0.207617016,-0.159645324,0.500368173,0.597683911,10.5
20,-1.42,0.137361192,-0.628750761,0.48699492,0.350743602,0.589919237,0.821750071,12.8
26,-1.55,0.008700232,-0.666312979,-0.076408886,-0.185611801,0.659899989,1.092102642,5.7
27,-1.58,0.128530693,-0.623258477,-0.058656657,0.048495136,1.067399308,1.425344013,3.1
29,-1.52,0.128104342,-0.639207249,0.222679434,-0.209472944,1.068234881,0.965003967,5.3
30,-1.52,0.032303523,-0.700932614,0.200859684,0.026511079,0.626988253,0.950609518,7.0
