,Vnhe,H*,CO*,OCCOH*,OH*,O*,C*,PrOH
0,-1.3703306215762607,0.06762061416912853,-0.755389115194754,0.0,0.0,0.4929195247231333,0.7378244858359378,2.3033942960572937
1,-1.3707330158142021,0.06735496866398426,-0.753707572983385,0.0,0.0,0.4947100920476875,0.7285109595822112,2.3251538671566068
2,-1.369387190283307,0.06845811869983524,-0.755277977334407,0.0,0.0,0.49049967234132574,0.7198768455875832,2.3052092462342717
3,-1.3703483710478004,0.0683929859352738,-0.7542905885543993,0.0,0.0,0.4898896372201049,0.7328761551932486,2.290984474006131
4,-1.4406300443363627,0.02295750114222261,-0.5546331012217345,0.06972486733236477,0.8587889685916109,0.9376329634664352,1.7947081820168098,2.9920747375326613
5,-1.4398623912700914,0.022749060305215656,-0.5562159270835514,0.07012190630572686,0.8613548143648244,0.9359318706141639,1.8126257344264496,3.009633829474111
6,-1.4396572170446205,0.023350221486293354,-0.5542034559715531,0.07008272493154766,0.8618221852765184,0.9346961765880937,1.8148240487144462,3.0174450039149403
7,-1.4398686073345122,0.02329011005158165,-0.55707738119271,0.07051439105115707,0.8544995569220402,0.9359319656688484,1.8108123553764106,3.000330414210957
8,-1.359217664979731,0.06639410564447018,-0.697870589976446,0.0,0.0,0.5465250213948265,0.8016600596914955,3.3148801412987416
9,-1.359472549270072,0.06601948382246958,-0.6980491855514671,0.0,0.0,0.5526709563834908,0.8024746392683797,3.299346735335507
10,-1.3605257043834158,0.06561785493872506,-0.6978521493485101,0.0,0.0,0.5559230652295334,0.8109606736806546,3.325361382088997
11,-1.3595846151472433,0.06660640929595212,-0.7002332988503946,0.0,0.0,0.5547638585617378,0.8248472406779584,3.2925175501596025
12,-1.3596989985987042,0.06012376771101003,-0.7401428455850325,0.0,0.0,0.4432327295214402,0.7132547244627813,4.49797916718906
13,-1.3593025926521831,0.05956929700197678,-0.7391167087668528,0.0,0.0,0.4407883499184888,0.7203700872668339,4.458303017432
14,-1.359512547354471,0.06029103840713002,-0.7378836144288651,0.0,0.0,0.44232957299615017,0.7101409585253826,4.508116072120717
15,-1.3614721103098943,0.06051877798492795,-0.7345507312726064,0.0,0.0,0.44352333210538086,0.7260068650330038,4.502903632556276
16,-1.3394159179369454,0.03132560237427766,-0.7191925424025795,0.0,0.0,0.5260917861047665,0.7575769119050217,4.592872822031727
17,-1.340614020276907,0.031487665445874995,-0.7170540727707262,0.0,0.0,0.5306307166176985,0.7528425043426943,4.601852292782049
18,-1.3407339539132084,0.031031639350249607,-0.7176366555828917,0.0,0.0,0.5250411721764299,0.7514331094083806,4.587052359717869
19,-1.3463994348982096,0.04073813327671363,-0.7232182870651795,0.0,0.0,0.499760909110807,0.7455811899645022,4.549450549450549
20,-1.3595915029687533,0.06625170347720384,-0.6962582949270979,0.0,0.0,0.5526591162775898,0.7990189531236362,3.2883242928374035
21,-1.3393910798574102,0.031040141311474916,-0.7170895305165335,0.0,0.0,0.5267978990758585,0.770659948114792,4.578876195930283
0,-1.44,0.0232363176763841,-0.5568525848693895,0.070148048376831,0.8566535061976648,0.936462427283896,1.8075978249879547,3.0
2,-1.14,0.4071399437478988,-0.0909511778777556,0.6052287998792227,1.97792820369242,2.656480487469235,2.4239836454406607,0.0
4,-1.48,0.826178297257576,-0.1650510005843131,0.3810473593313137,0.3520104537873632,0.5510140834771668,1.3542764188485883,0.0
5,-1.55,0.8482493658692705,-0.1414055508398775,0.6590647937711029,0.1711676676822318,0.3630539097289151,1.8462568504690928,0.0
6,-1.63,0.9079087914696004,-0.1231992286925702,0.9734980390986668,0.386809594639919,1.0281148459202818,2.258035264164267,0.0
7,-1.63,0.7312538698805668,-0.1244066871818319,0.8055813812899206,0.9499774609657036,0.6121064854355431,1.898794760770091,0.0
8,-0.91,-0.4594891448574514,-1.6698399157421733,-1.8847140010160557,-0.229530919859906,-0.8620733203329287,-0.629993784183295,0.0
11,-1.37,0.068053336,-0.75473835,-0.524107503,-0.113444973,0.493543353,0.734584669,2.3
12,-1.36,0.060409992,-0.737806413,-0.501938224,-0.323447643,0.439508724,0.722656344,4.5
13,-1.34,0.03148199,-0.716354178,-0.479831349,-0.305811619,0.528111197,0.756367952,4.6
14,-1.36,0.06594357,-0.699134686,-0.407334131,-0.106929555,0.552297228,0.803959006,3.3
16,-1.55,0.019613528,-0.559283849,0.100497086,0.06784932,0.885095326,1.731726612,0.0
17,-1.38,0.12473498,-0.681574677,-0.08388352,-0.042858785,0.67121695,0.610553328,1.9
18,-1.37,0.051595605,-0.68676579,-0.077391932,-0.13949387,0.501558075,0.680590774,2.0
19,-1.38,0.087413949,-0.713402898,-0.207617016,-0.159645324,0.500368173,0.597683911,1.7
20,-1.42,0.137361192,-0.628750761,0.48699492,0.350743602,0.589919237,0.821750071,1.9
21,-1.52,0.032303523,-0.700932614,0.200859684,0.026511079,0.626988253,0.950609518,0.5
22,-1.43,0.015991007,-0.65219819,-0.331298879,-0.228956794,0.739322167,0.811152791,0.6
23,-1.42,0.024667169,-0.656181916,-0.041293067,-0.204859519,0.750977034,0.904278961,0.4
24,-1.38,-0.018493178,-0.66543338,0.038885074,-0.199373711,0.837974778,1.679241191,1.3
25,-1.51,-0.034256989,-0.69296658,-0.0798888,-0.210130352,0.59591194,1.110035604,0.2
26,-1.55,0.008700232,-0.666312979,-0.076408886,-0.185611801,0.659899989,1.092102642,0.4
27,-1.58,0.128530693,-0.623258477,-0.058656657,0.048495136,1.067399308,1.425344013,0.04
28,-1.59,0.005769522,-0.701444361,0.221240072,-0.318030998,0.581981364,0.885778813,0.06
29,-1.52,0.128104342,-0.639207249,0.222679434,-0.209472944,1.068234881,0.965003967,0.4
30,-1.52,0.032303523,-0.700932614,0.200859684,0.026511079,0.626988253,0.950609518,0.5
